######################################################
Printing JavaRDD<Vector> parseData:
------------------------------------------------------
rowProcessed: [5.1,3.5,1.4,0.2]
rowProcessed: [4.9,3.0,1.4,0.2]
rowProcessed: [4.7,3.2,1.3,0.2]
rowProcessed: [4.6,3.1,1.5,0.2]
rowProcessed: [5.0,3.6,1.4,0.2]
rowProcessed: [5.4,3.9,1.7,0.4]
rowProcessed: [4.6,3.4,1.4,0.3]
rowProcessed: [5.0,3.4,1.5,0.2]
rowProcessed: [4.4,2.9,1.4,0.2]
rowProcessed: [4.9,3.1,1.5,0.1]
rowProcessed: [5.4,3.7,1.5,0.2]
rowProcessed: [4.8,3.4,1.6,0.2]
rowProcessed: [4.8,3.0,1.4,0.1]
rowProcessed: [4.3,3.0,1.1,0.1]
rowProcessed: [5.8,4.0,1.2,0.2]
rowProcessed: [5.7,4.4,1.5,0.4]
rowProcessed: [5.4,3.9,1.3,0.4]
rowProcessed: [5.1,3.5,1.4,0.3]
rowProcessed: [5.7,3.8,1.7,0.3]
rowProcessed: [5.1,3.8,1.5,0.3]
rowProcessed: [5.4,3.4,1.7,0.2]
rowProcessed: [5.1,3.7,1.5,0.4]
rowProcessed: [4.6,3.6,1.0,0.2]
rowProcessed: [5.1,3.3,1.7,0.5]
rowProcessed: [4.8,3.4,1.9,0.2]
rowProcessed: [5.0,3.0,1.6,0.2]
rowProcessed: [5.0,3.4,1.6,0.4]
rowProcessed: [5.2,3.5,1.5,0.2]
rowProcessed: [5.2,3.4,1.4,0.2]
rowProcessed: [4.7,3.2,1.6,0.2]
rowProcessed: [4.8,3.1,1.6,0.2]
rowProcessed: [5.4,3.4,1.5,0.4]
rowProcessed: [5.2,4.1,1.5,0.1]
rowProcessed: [5.5,4.2,1.4,0.2]
rowProcessed: [4.9,3.1,1.5,0.1]
rowProcessed: [5.0,3.2,1.2,0.2]
rowProcessed: [5.5,3.5,1.3,0.2]
rowProcessed: [4.9,3.1,1.5,0.1]
rowProcessed: [4.4,3.0,1.3,0.2]
rowProcessed: [5.1,3.4,1.5,0.2]
rowProcessed: [5.0,3.5,1.3,0.3]
rowProcessed: [4.5,2.3,1.3,0.3]
rowProcessed: [4.4,3.2,1.3,0.2]
rowProcessed: [5.0,3.5,1.6,0.6]
rowProcessed: [5.1,3.8,1.9,0.4]
rowProcessed: [4.8,3.0,1.4,0.3]
rowProcessed: [5.1,3.8,1.6,0.2]
rowProcessed: [4.6,3.2,1.4,0.2]
rowProcessed: [5.3,3.7,1.5,0.2]
rowProcessed: [5.0,3.3,1.4,0.2]
rowProcessed: [7.0,3.2,4.7,1.4]
rowProcessed: [6.4,3.2,4.5,1.5]
rowProcessed: [6.9,3.1,4.9,1.5]
rowProcessed: [5.5,2.3,4.0,1.3]
rowProcessed: [6.5,2.8,4.6,1.5]
rowProcessed: [5.7,2.8,4.5,1.3]
rowProcessed: [6.3,3.3,4.7,1.6]
rowProcessed: [4.9,2.4,3.3,1.0]
rowProcessed: [6.6,2.9,4.6,1.3]
rowProcessed: [5.2,2.7,3.9,1.4]
rowProcessed: [5.0,2.0,3.5,1.0]
rowProcessed: [5.9,3.0,4.2,1.5]
rowProcessed: [6.0,2.2,4.0,1.0]
rowProcessed: [6.1,2.9,4.7,1.4]
rowProcessed: [5.6,2.9,3.6,1.3]
rowProcessed: [6.7,3.1,4.4,1.4]
rowProcessed: [5.6,3.0,4.5,1.5]
rowProcessed: [5.8,2.7,4.1,1.0]
rowProcessed: [6.2,2.2,4.5,1.5]
rowProcessed: [5.6,2.5,3.9,1.1]
rowProcessed: [5.9,3.2,4.8,1.8]
rowProcessed: [6.1,2.8,4.0,1.3]
rowProcessed: [6.3,2.5,4.9,1.5]
rowProcessed: [6.1,2.8,4.7,1.2]
rowProcessed: [6.4,2.9,4.3,1.3]
rowProcessed: [6.6,3.0,4.4,1.4]
rowProcessed: [6.8,2.8,4.8,1.4]
rowProcessed: [6.7,3.0,5.0,1.7]
rowProcessed: [6.0,2.9,4.5,1.5]
rowProcessed: [5.7,2.6,3.5,1.0]
rowProcessed: [5.5,2.4,3.8,1.1]
rowProcessed: [5.5,2.4,3.7,1.0]
rowProcessed: [5.8,2.7,3.9,1.2]
rowProcessed: [6.0,2.7,5.1,1.6]
rowProcessed: [5.4,3.0,4.5,1.5]
rowProcessed: [6.0,3.4,4.5,1.6]
rowProcessed: [6.7,3.1,4.7,1.5]
rowProcessed: [6.3,2.3,4.4,1.3]
rowProcessed: [5.6,3.0,4.1,1.3]
rowProcessed: [5.5,2.5,4.0,1.3]
rowProcessed: [5.5,2.6,4.4,1.2]
rowProcessed: [6.1,3.0,4.6,1.4]
rowProcessed: [5.8,2.6,4.0,1.2]
rowProcessed: [5.0,2.3,3.3,1.0]
rowProcessed: [5.6,2.7,4.2,1.3]
rowProcessed: [5.7,3.0,4.2,1.2]
rowProcessed: [5.7,2.9,4.2,1.3]
rowProcessed: [6.2,2.9,4.3,1.3]
rowProcessed: [5.1,2.5,3.0,1.1]
rowProcessed: [5.7,2.8,4.1,1.3]
rowProcessed: [6.3,3.3,6.0,2.5]
rowProcessed: [5.8,2.7,5.1,1.9]
rowProcessed: [7.1,3.0,5.9,2.1]
rowProcessed: [6.3,2.9,5.6,1.8]
rowProcessed: [6.5,3.0,5.8,2.2]
rowProcessed: [7.6,3.0,6.6,2.1]
rowProcessed: [4.9,2.5,4.5,1.7]
rowProcessed: [7.3,2.9,6.3,1.8]
rowProcessed: [6.7,2.5,5.8,1.8]
rowProcessed: [7.2,3.6,6.1,2.5]
rowProcessed: [6.5,3.2,5.1,2.0]
rowProcessed: [6.4,2.7,5.3,1.9]
rowProcessed: [6.8,3.0,5.5,2.1]
rowProcessed: [5.7,2.5,5.0,2.0]
rowProcessed: [5.8,2.8,5.1,2.4]
rowProcessed: [6.4,3.2,5.3,2.3]
rowProcessed: [6.5,3.0,5.5,1.8]
rowProcessed: [7.7,3.8,6.7,2.2]
rowProcessed: [7.7,2.6,6.9,2.3]
rowProcessed: [6.0,2.2,5.0,1.5]
rowProcessed: [6.9,3.2,5.7,2.3]
rowProcessed: [5.6,2.8,4.9,2.0]
rowProcessed: [7.7,2.8,6.7,2.0]
rowProcessed: [6.3,2.7,4.9,1.8]
rowProcessed: [6.7,3.3,5.7,2.1]
rowProcessed: [7.2,3.2,6.0,1.8]
rowProcessed: [6.2,2.8,4.8,1.8]
rowProcessed: [6.1,3.0,4.9,1.8]
rowProcessed: [6.4,2.8,5.6,2.1]
rowProcessed: [7.2,3.0,5.8,1.6]
rowProcessed: [7.4,2.8,6.1,1.9]
rowProcessed: [7.9,3.8,6.4,2.0]
rowProcessed: [6.4,2.8,5.6,2.2]
rowProcessed: [6.3,2.8,5.1,1.5]
rowProcessed: [6.1,2.6,5.6,1.4]
rowProcessed: [7.7,3.0,6.1,2.3]
rowProcessed: [6.3,3.4,5.6,2.4]
rowProcessed: [6.4,3.1,5.5,1.8]
rowProcessed: [6.0,3.0,4.8,1.8]
rowProcessed: [6.9,3.1,5.4,2.1]
rowProcessed: [6.7,3.1,5.6,2.4]
rowProcessed: [6.9,3.1,5.1,2.3]
rowProcessed: [5.8,2.7,5.1,1.9]
rowProcessed: [6.8,3.2,5.9,2.3]
rowProcessed: [6.7,3.3,5.7,2.5]
rowProcessed: [6.7,3.0,5.2,2.3]
rowProcessed: [6.3,2.5,5.0,1.9]
rowProcessed: [6.5,3.0,5.2,2.0]
rowProcessed: [6.2,3.4,5.4,2.3]
rowProcessed: [5.9,3.0,5.1,1.8]
######################################################
Cluster centers:
 [6.85,3.0736842105263147,5.742105263157893,2.071052631578947]
 [5.005999999999999,3.4180000000000006,1.4640000000000002,0.2439999999999999]
 [5.901612903225807,2.748387096774194,4.393548387096774,1.4338709677419355]
Cost: 78.94084142614648
Within Set Sum of Squared Errors = 78.94084142614648
######################################################
Printing Vector:PredictedClass
------------------------------------------------------
[5.1,3.5,1.4,0.2]:1
[4.9,3.0,1.4,0.2]:1
[4.7,3.2,1.3,0.2]:1
[4.6,3.1,1.5,0.2]:1
[5.0,3.6,1.4,0.2]:1
[5.4,3.9,1.7,0.4]:1
[4.6,3.4,1.4,0.3]:1
[5.0,3.4,1.5,0.2]:1
[4.4,2.9,1.4,0.2]:1
[4.9,3.1,1.5,0.1]:1
[5.4,3.7,1.5,0.2]:1
[4.8,3.4,1.6,0.2]:1
[4.8,3.0,1.4,0.1]:1
[4.3,3.0,1.1,0.1]:1
[5.8,4.0,1.2,0.2]:1
[5.7,4.4,1.5,0.4]:1
[5.4,3.9,1.3,0.4]:1
[5.1,3.5,1.4,0.3]:1
[5.7,3.8,1.7,0.3]:1
[5.1,3.8,1.5,0.3]:1
[5.4,3.4,1.7,0.2]:1
[5.1,3.7,1.5,0.4]:1
[4.6,3.6,1.0,0.2]:1
[5.1,3.3,1.7,0.5]:1
[4.8,3.4,1.9,0.2]:1
[5.0,3.0,1.6,0.2]:1
[5.0,3.4,1.6,0.4]:1
[5.2,3.5,1.5,0.2]:1
[5.2,3.4,1.4,0.2]:1
[4.7,3.2,1.6,0.2]:1
[4.8,3.1,1.6,0.2]:1
[5.4,3.4,1.5,0.4]:1
[5.2,4.1,1.5,0.1]:1
[5.5,4.2,1.4,0.2]:1
[4.9,3.1,1.5,0.1]:1
[5.0,3.2,1.2,0.2]:1
[5.5,3.5,1.3,0.2]:1
[4.9,3.1,1.5,0.1]:1
[4.4,3.0,1.3,0.2]:1
[5.1,3.4,1.5,0.2]:1
[5.0,3.5,1.3,0.3]:1
[4.5,2.3,1.3,0.3]:1
[4.4,3.2,1.3,0.2]:1
[5.0,3.5,1.6,0.6]:1
[5.1,3.8,1.9,0.4]:1
[4.8,3.0,1.4,0.3]:1
[5.1,3.8,1.6,0.2]:1
[4.6,3.2,1.4,0.2]:1
[5.3,3.7,1.5,0.2]:1
[5.0,3.3,1.4,0.2]:1
[7.0,3.2,4.7,1.4]:2
[6.4,3.2,4.5,1.5]:2
[6.9,3.1,4.9,1.5]:0
[5.5,2.3,4.0,1.3]:2
[6.5,2.8,4.6,1.5]:2
[5.7,2.8,4.5,1.3]:2
[6.3,3.3,4.7,1.6]:2
[4.9,2.4,3.3,1.0]:2
[6.6,2.9,4.6,1.3]:2
[5.2,2.7,3.9,1.4]:2
[5.0,2.0,3.5,1.0]:2
[5.9,3.0,4.2,1.5]:2
[6.0,2.2,4.0,1.0]:2
[6.1,2.9,4.7,1.4]:2
[5.6,2.9,3.6,1.3]:2
[6.7,3.1,4.4,1.4]:2
[5.6,3.0,4.5,1.5]:2
[5.8,2.7,4.1,1.0]:2
[6.2,2.2,4.5,1.5]:2
[5.6,2.5,3.9,1.1]:2
[5.9,3.2,4.8,1.8]:2
[6.1,2.8,4.0,1.3]:2
[6.3,2.5,4.9,1.5]:2
[6.1,2.8,4.7,1.2]:2
[6.4,2.9,4.3,1.3]:2
[6.6,3.0,4.4,1.4]:2
[6.8,2.8,4.8,1.4]:2
[6.7,3.0,5.0,1.7]:0
[6.0,2.9,4.5,1.5]:2
[5.7,2.6,3.5,1.0]:2
[5.5,2.4,3.8,1.1]:2
[5.5,2.4,3.7,1.0]:2
[5.8,2.7,3.9,1.2]:2
[6.0,2.7,5.1,1.6]:2
[5.4,3.0,4.5,1.5]:2
[6.0,3.4,4.5,1.6]:2
[6.7,3.1,4.7,1.5]:2
[6.3,2.3,4.4,1.3]:2
[5.6,3.0,4.1,1.3]:2
[5.5,2.5,4.0,1.3]:2
[5.5,2.6,4.4,1.2]:2
[6.1,3.0,4.6,1.4]:2
[5.8,2.6,4.0,1.2]:2
[5.0,2.3,3.3,1.0]:2
[5.6,2.7,4.2,1.3]:2
[5.7,3.0,4.2,1.2]:2
[5.7,2.9,4.2,1.3]:2
[6.2,2.9,4.3,1.3]:2
[5.1,2.5,3.0,1.1]:2
[5.7,2.8,4.1,1.3]:2
[6.3,3.3,6.0,2.5]:0
[5.8,2.7,5.1,1.9]:2
[7.1,3.0,5.9,2.1]:0
[6.3,2.9,5.6,1.8]:0
[6.5,3.0,5.8,2.2]:0
[7.6,3.0,6.6,2.1]:0
[4.9,2.5,4.5,1.7]:2
[7.3,2.9,6.3,1.8]:0
[6.7,2.5,5.8,1.8]:0
[7.2,3.6,6.1,2.5]:0
[6.5,3.2,5.1,2.0]:0
[6.4,2.7,5.3,1.9]:0
[6.8,3.0,5.5,2.1]:0
[5.7,2.5,5.0,2.0]:2
[5.8,2.8,5.1,2.4]:2
[6.4,3.2,5.3,2.3]:0
[6.5,3.0,5.5,1.8]:0
[7.7,3.8,6.7,2.2]:0
[7.7,2.6,6.9,2.3]:0
[6.0,2.2,5.0,1.5]:2
[6.9,3.2,5.7,2.3]:0
[5.6,2.8,4.9,2.0]:2
[7.7,2.8,6.7,2.0]:0
[6.3,2.7,4.9,1.8]:2
[6.7,3.3,5.7,2.1]:0
[7.2,3.2,6.0,1.8]:0
[6.2,2.8,4.8,1.8]:2
[6.1,3.0,4.9,1.8]:2
[6.4,2.8,5.6,2.1]:0
[7.2,3.0,5.8,1.6]:0
[7.4,2.8,6.1,1.9]:0
[7.9,3.8,6.4,2.0]:0
[6.4,2.8,5.6,2.2]:0
[6.3,2.8,5.1,1.5]:2
[6.1,2.6,5.6,1.4]:0
[7.7,3.0,6.1,2.3]:0
[6.3,3.4,5.6,2.4]:0
[6.4,3.1,5.5,1.8]:0
[6.0,3.0,4.8,1.8]:2
[6.9,3.1,5.4,2.1]:0
[6.7,3.1,5.6,2.4]:0
[6.9,3.1,5.1,2.3]:0
[5.8,2.7,5.1,1.9]:2
[6.8,3.2,5.9,2.3]:0
[6.7,3.3,5.7,2.5]:0
[6.7,3.0,5.2,2.3]:0
[6.3,2.5,5.0,1.9]:2
[6.5,3.0,5.2,2.0]:0
[6.2,3.4,5.4,2.3]:0
[5.9,3.0,5.1,1.8]:2
######################################################
